1.000000000000000000e+00 1.324304938316345215e+00
2.000000000000000000e+00 1.282760500907897949e+00
3.000000000000000000e+00 1.246951222419738770e+00
4.000000000000000000e+00 1.229095935821533203e+00
5.000000000000000000e+00 1.215094566345214844e+00
6.000000000000000000e+00 1.203299880027770996e+00
7.000000000000000000e+00 1.196815133094787598e+00
8.000000000000000000e+00 1.193215370178222656e+00
9.000000000000000000e+00 1.188368201255798340e+00
1.000000000000000000e+01 1.185029029846191406e+00
1.100000000000000000e+01 1.179364323616027832e+00
1.200000000000000000e+01 1.176671743392944336e+00
1.300000000000000000e+01 1.174783468246459961e+00
1.500000000000000000e+01 1.173385381698608398e+00
1.600000000000000000e+01 1.168948292732238770e+00
1.800000000000000000e+01 1.167657256126403809e+00
1.900000000000000000e+01 1.164161443710327148e+00
2.000000000000000000e+01 1.162865161895751953e+00
2.200000000000000000e+01 1.162532329559326172e+00
2.400000000000000000e+01 1.161319971084594727e+00
2.500000000000000000e+01 1.158895850181579590e+00
2.600000000000000000e+01 1.158660769462585449e+00
2.800000000000000000e+01 1.157800078392028809e+00
2.900000000000000000e+01 1.157473683357238770e+00
3.000000000000000000e+01 1.154820322990417480e+00
3.100000000000000000e+01 1.152890086174011230e+00
3.200000000000000000e+01 1.152011632919311523e+00
3.600000000000000000e+01 1.149369359016418457e+00
3.900000000000000000e+01 1.149259448051452637e+00
4.300000000000000000e+01 1.148843526840209961e+00
4.400000000000000000e+01 1.146712303161621094e+00
5.000000000000000000e+01 1.143732905387878418e+00
6.800000000000000000e+01 1.142602086067199707e+00
7.000000000000000000e+01 1.140197515487670898e+00
7.400000000000000000e+01 1.138067007064819336e+00
7.600000000000000000e+01 1.136444330215454102e+00
7.800000000000000000e+01 1.135370850563049316e+00
7.900000000000000000e+01 1.134839892387390137e+00
8.300000000000000000e+01 1.134429454803466797e+00
8.500000000000000000e+01 1.132550835609436035e+00
8.800000000000000000e+01 1.132262706756591797e+00
8.900000000000000000e+01 1.131924510002136230e+00
9.000000000000000000e+01 1.129825711250305176e+00
9.400000000000000000e+01 1.127945065498352051e+00
9.800000000000000000e+01 1.127322793006896973e+00
1.000000000000000000e+02 1.126762032508850098e+00
1.020000000000000000e+02 1.126300811767578125e+00
1.030000000000000000e+02 1.125636577606201172e+00
1.050000000000000000e+02 1.125339269638061523e+00
1.060000000000000000e+02 1.125109672546386719e+00
1.070000000000000000e+02 1.124632358551025391e+00
1.090000000000000000e+02 1.124288082122802734e+00
1.100000000000000000e+02 1.123153567314147949e+00
1.170000000000000000e+02 1.123148918151855469e+00
1.190000000000000000e+02 1.122605919837951660e+00
