1.000000000000000000e+00 1.363437533378601074e+00
2.000000000000000000e+00 1.304397344589233398e+00
3.000000000000000000e+00 1.272362947463989258e+00
4.000000000000000000e+00 1.249193906784057617e+00
5.000000000000000000e+00 1.242827177047729492e+00
6.000000000000000000e+00 1.229887604713439941e+00
7.000000000000000000e+00 1.225506305694580078e+00
8.000000000000000000e+00 1.217103242874145508e+00
9.000000000000000000e+00 1.213445782661437988e+00
1.000000000000000000e+01 1.212153196334838867e+00
1.100000000000000000e+01 1.207952022552490234e+00
1.200000000000000000e+01 1.202507972717285156e+00
1.400000000000000000e+01 1.198812246322631836e+00
1.500000000000000000e+01 1.198349475860595703e+00
1.600000000000000000e+01 1.194766521453857422e+00
1.700000000000000000e+01 1.193397045135498047e+00
2.100000000000000000e+01 1.190612316131591797e+00
2.200000000000000000e+01 1.188171625137329102e+00
2.400000000000000000e+01 1.185589551925659180e+00
2.500000000000000000e+01 1.184419870376586914e+00
2.800000000000000000e+01 1.182540893554687500e+00
2.900000000000000000e+01 1.179165244102478027e+00
3.500000000000000000e+01 1.177308917045593262e+00
3.700000000000000000e+01 1.175690054893493652e+00
4.200000000000000000e+01 1.175544142723083496e+00
4.300000000000000000e+01 1.174812316894531250e+00
4.500000000000000000e+01 1.174650311470031738e+00
4.600000000000000000e+01 1.173737049102783203e+00
4.700000000000000000e+01 1.173405766487121582e+00
4.900000000000000000e+01 1.171077966690063477e+00
5.200000000000000000e+01 1.169617891311645508e+00
5.500000000000000000e+01 1.169147133827209473e+00
5.700000000000000000e+01 1.167971491813659668e+00
5.800000000000000000e+01 1.166649103164672852e+00
6.000000000000000000e+01 1.166075587272644043e+00
6.400000000000000000e+01 1.165533423423767090e+00
6.800000000000000000e+01 1.164271950721740723e+00
7.300000000000000000e+01 1.164038896560668945e+00
7.500000000000000000e+01 1.161998987197875977e+00
7.800000000000000000e+01 1.160859465599060059e+00
8.100000000000000000e+01 1.159756541252136230e+00
8.300000000000000000e+01 1.158929228782653809e+00
8.700000000000000000e+01 1.156877160072326660e+00
9.000000000000000000e+01 1.156635165214538574e+00
9.200000000000000000e+01 1.154996514320373535e+00
9.600000000000000000e+01 1.154848337173461914e+00
9.700000000000000000e+01 1.154356598854064941e+00
9.800000000000000000e+01 1.153030633926391602e+00
1.020000000000000000e+02 1.152200937271118164e+00
1.030000000000000000e+02 1.151775836944580078e+00
1.050000000000000000e+02 1.150734901428222656e+00
1.060000000000000000e+02 1.150476455688476562e+00
1.070000000000000000e+02 1.150261640548706055e+00
1.100000000000000000e+02 1.149528980255126953e+00
1.110000000000000000e+02 1.149130463600158691e+00
1.130000000000000000e+02 1.148655652999877930e+00
1.170000000000000000e+02 1.148165702819824219e+00
