1.000000000000000000e+00 1.510250687599182129e+00
2.000000000000000000e+00 1.431053757667541504e+00
3.000000000000000000e+00 1.395977377891540527e+00
4.000000000000000000e+00 1.375766396522521973e+00
5.000000000000000000e+00 1.356326580047607422e+00
6.000000000000000000e+00 1.346932888031005859e+00
7.000000000000000000e+00 1.338103652000427246e+00
8.000000000000000000e+00 1.337924480438232422e+00
9.000000000000000000e+00 1.329622864723205566e+00
1.000000000000000000e+01 1.325670003890991211e+00
1.100000000000000000e+01 1.319532871246337891e+00
1.200000000000000000e+01 1.315035462379455566e+00
1.400000000000000000e+01 1.311156988143920898e+00
1.500000000000000000e+01 1.311123967170715332e+00
1.700000000000000000e+01 1.307101964950561523e+00
1.800000000000000000e+01 1.304358601570129395e+00
2.000000000000000000e+01 1.300575375556945801e+00
2.200000000000000000e+01 1.298216819763183594e+00
2.400000000000000000e+01 1.296356320381164551e+00
2.500000000000000000e+01 1.295826077461242676e+00
2.600000000000000000e+01 1.295045852661132812e+00
2.700000000000000000e+01 1.293636083602905273e+00
2.800000000000000000e+01 1.293342232704162598e+00
3.000000000000000000e+01 1.292664885520935059e+00
3.100000000000000000e+01 1.291272282600402832e+00
3.200000000000000000e+01 1.289454102516174316e+00
3.300000000000000000e+01 1.289258837699890137e+00
3.400000000000000000e+01 1.286520123481750488e+00
3.500000000000000000e+01 1.286216974258422852e+00
3.900000000000000000e+01 1.284238338470458984e+00
4.000000000000000000e+01 1.283724427223205566e+00
4.400000000000000000e+01 1.282313466072082520e+00
4.700000000000000000e+01 1.281730175018310547e+00
5.000000000000000000e+01 1.279623746871948242e+00
5.300000000000000000e+01 1.277366995811462402e+00
5.900000000000000000e+01 1.274922013282775879e+00
6.500000000000000000e+01 1.274380087852478027e+00
6.700000000000000000e+01 1.272627115249633789e+00
6.800000000000000000e+01 1.271628737449645996e+00
7.000000000000000000e+01 1.271537899971008301e+00
7.100000000000000000e+01 1.269956111907958984e+00
7.500000000000000000e+01 1.269224762916564941e+00
7.800000000000000000e+01 1.268062353134155273e+00
8.200000000000000000e+01 1.266690492630004883e+00
8.600000000000000000e+01 1.265076875686645508e+00
8.700000000000000000e+01 1.264797210693359375e+00
8.800000000000000000e+01 1.263886213302612305e+00
9.200000000000000000e+01 1.263640642166137695e+00
9.300000000000000000e+01 1.261553525924682617e+00
9.400000000000000000e+01 1.260451078414916992e+00
9.700000000000000000e+01 1.259167075157165527e+00
9.900000000000000000e+01 1.258258223533630371e+00
1.000000000000000000e+02 1.258246541023254395e+00
1.020000000000000000e+02 1.256809234619140625e+00
1.050000000000000000e+02 1.256432175636291504e+00
1.080000000000000000e+02 1.256372332572937012e+00
1.100000000000000000e+02 1.255403399467468262e+00
1.130000000000000000e+02 1.254491090774536133e+00
1.150000000000000000e+02 1.254359483718872070e+00
1.180000000000000000e+02 1.254329085350036621e+00
