1.000000000000000000e+00 1.522532343864440918e+00
2.000000000000000000e+00 1.445438504219055176e+00
3.000000000000000000e+00 1.413319110870361328e+00
4.000000000000000000e+00 1.388376116752624512e+00
5.000000000000000000e+00 1.371551632881164551e+00
6.000000000000000000e+00 1.363642215728759766e+00
7.000000000000000000e+00 1.358288168907165527e+00
8.000000000000000000e+00 1.351776957511901855e+00
9.000000000000000000e+00 1.343616366386413574e+00
1.000000000000000000e+01 1.337884545326232910e+00
1.100000000000000000e+01 1.335623264312744141e+00
1.200000000000000000e+01 1.329739809036254883e+00
1.400000000000000000e+01 1.324898958206176758e+00
1.500000000000000000e+01 1.323850750923156738e+00
1.700000000000000000e+01 1.323225855827331543e+00
1.800000000000000000e+01 1.319679737091064453e+00
1.900000000000000000e+01 1.317560315132141113e+00
2.000000000000000000e+01 1.315791249275207520e+00
2.100000000000000000e+01 1.314654111862182617e+00
2.200000000000000000e+01 1.314638137817382812e+00
2.300000000000000000e+01 1.311692833900451660e+00
2.400000000000000000e+01 1.308951377868652344e+00
2.600000000000000000e+01 1.308224916458129883e+00
2.700000000000000000e+01 1.307440400123596191e+00
2.900000000000000000e+01 1.305633306503295898e+00
3.100000000000000000e+01 1.301972508430480957e+00
3.400000000000000000e+01 1.301675558090209961e+00
3.500000000000000000e+01 1.300215363502502441e+00
3.600000000000000000e+01 1.299370050430297852e+00
3.900000000000000000e+01 1.296468019485473633e+00
4.100000000000000000e+01 1.295356512069702148e+00
4.800000000000000000e+01 1.293474555015563965e+00
5.300000000000000000e+01 1.290802478790283203e+00
6.000000000000000000e+01 1.289093852043151855e+00
6.300000000000000000e+01 1.287080049514770508e+00
7.000000000000000000e+01 1.285305023193359375e+00
7.300000000000000000e+01 1.284249067306518555e+00
7.500000000000000000e+01 1.283601284027099609e+00
7.700000000000000000e+01 1.283016681671142578e+00
8.100000000000000000e+01 1.282939553260803223e+00
8.200000000000000000e+01 1.281888484954833984e+00
8.500000000000000000e+01 1.279420375823974609e+00
8.700000000000000000e+01 1.278565406799316406e+00
8.900000000000000000e+01 1.278099179267883301e+00
9.100000000000000000e+01 1.277425765991210938e+00
9.200000000000000000e+01 1.277102231979370117e+00
9.300000000000000000e+01 1.276851177215576172e+00
9.400000000000000000e+01 1.275379180908203125e+00
9.500000000000000000e+01 1.274263143539428711e+00
9.700000000000000000e+01 1.273901343345642090e+00
9.800000000000000000e+01 1.273423075675964355e+00
9.900000000000000000e+01 1.272525668144226074e+00
1.020000000000000000e+02 1.271745324134826660e+00
1.040000000000000000e+02 1.270114421844482422e+00
1.080000000000000000e+02 1.269800066947937012e+00
1.100000000000000000e+02 1.269006848335266113e+00
1.120000000000000000e+02 1.268765091896057129e+00
1.130000000000000000e+02 1.268212676048278809e+00
1.150000000000000000e+02 1.268129348754882812e+00
1.160000000000000000e+02 1.267652511596679688e+00
