1.000000000000000000e+00 1.214299798011779785e+00
2.000000000000000000e+00 1.179446935653686523e+00
3.000000000000000000e+00 1.152483463287353516e+00
4.000000000000000000e+00 1.146866798400878906e+00
5.000000000000000000e+00 1.127814531326293945e+00
6.000000000000000000e+00 1.124284386634826660e+00
7.000000000000000000e+00 1.116577744483947754e+00
8.000000000000000000e+00 1.115300893783569336e+00
9.000000000000000000e+00 1.110609054565429688e+00
1.000000000000000000e+01 1.108945965766906738e+00
1.100000000000000000e+01 1.106807112693786621e+00
1.200000000000000000e+01 1.100925683975219727e+00
1.400000000000000000e+01 1.097004771232604980e+00
1.700000000000000000e+01 1.096005439758300781e+00
1.800000000000000000e+01 1.095081806182861328e+00
1.900000000000000000e+01 1.090617418289184570e+00
2.100000000000000000e+01 1.090602517127990723e+00
2.500000000000000000e+01 1.087109327316284180e+00
2.700000000000000000e+01 1.085583209991455078e+00
3.000000000000000000e+01 1.084537863731384277e+00
3.100000000000000000e+01 1.084431290626525879e+00
3.200000000000000000e+01 1.084286570549011230e+00
3.500000000000000000e+01 1.081153750419616699e+00
3.700000000000000000e+01 1.080113291740417480e+00
3.900000000000000000e+01 1.079801082611083984e+00
4.300000000000000000e+01 1.079567909240722656e+00
4.400000000000000000e+01 1.077769160270690918e+00
4.500000000000000000e+01 1.077188372611999512e+00
5.100000000000000000e+01 1.075825691223144531e+00
5.200000000000000000e+01 1.075153231620788574e+00
5.500000000000000000e+01 1.075090765953063965e+00
5.800000000000000000e+01 1.074257135391235352e+00
6.400000000000000000e+01 1.074012994766235352e+00
6.500000000000000000e+01 1.073582410812377930e+00
6.600000000000000000e+01 1.071213483810424805e+00
6.700000000000000000e+01 1.070994019508361816e+00
7.000000000000000000e+01 1.070475935935974121e+00
7.200000000000000000e+01 1.068696141242980957e+00
7.600000000000000000e+01 1.067583322525024414e+00
7.900000000000000000e+01 1.066463470458984375e+00
8.200000000000000000e+01 1.066053390502929688e+00
8.500000000000000000e+01 1.066043734550476074e+00
8.600000000000000000e+01 1.064613938331604004e+00
8.700000000000000000e+01 1.064264655113220215e+00
9.100000000000000000e+01 1.063199758529663086e+00
9.300000000000000000e+01 1.062375068664550781e+00
9.500000000000000000e+01 1.062147617340087891e+00
9.600000000000000000e+01 1.061295628547668457e+00
9.800000000000000000e+01 1.060617327690124512e+00
1.000000000000000000e+02 1.060148000717163086e+00
1.020000000000000000e+02 1.059908151626586914e+00
1.030000000000000000e+02 1.059270381927490234e+00
1.050000000000000000e+02 1.058987617492675781e+00
1.070000000000000000e+02 1.058804631233215332e+00
1.090000000000000000e+02 1.058325648307800293e+00
1.100000000000000000e+02 1.058195948600769043e+00
1.130000000000000000e+02 1.057595252990722656e+00
1.140000000000000000e+02 1.057050824165344238e+00
