4.600000000000000000e+01 1.272987961769104004e+00
4.700000000000000000e+01 1.268594503402709961e+00
4.800000000000000000e+01 1.268459200859069824e+00
5.100000000000000000e+01 1.266444444656372070e+00
5.700000000000000000e+01 1.263841629028320312e+00
6.000000000000000000e+01 1.260080218315124512e+00
8.500000000000000000e+01 1.257665991783142090e+00
8.700000000000000000e+01 1.257288336753845215e+00
8.800000000000000000e+01 1.256803750991821289e+00
9.000000000000000000e+01 1.254078388214111328e+00
9.300000000000000000e+01 1.252610445022583008e+00
9.700000000000000000e+01 1.251160740852355957e+00
9.800000000000000000e+01 1.249706506729125977e+00
1.000000000000000000e+02 1.249107003211975098e+00
1.020000000000000000e+02 1.248144268989562988e+00
1.030000000000000000e+02 1.247999787330627441e+00
1.040000000000000000e+02 1.247755885124206543e+00
1.050000000000000000e+02 1.247364163398742676e+00
1.060000000000000000e+02 1.246032834053039551e+00
1.090000000000000000e+02 1.245408296585083008e+00
1.120000000000000000e+02 1.245109438896179199e+00
1.130000000000000000e+02 1.244992733001708984e+00
1.140000000000000000e+02 1.244327783584594727e+00
1.150000000000000000e+02 1.243825554847717285e+00
1.160000000000000000e+02 1.243474721908569336e+00
