1.000000000000000000e+00 1.382882714271545410e+00
2.000000000000000000e+00 1.302550315856933594e+00
3.000000000000000000e+00 1.269616365432739258e+00
4.000000000000000000e+00 1.250642180442810059e+00
5.000000000000000000e+00 1.230238199234008789e+00
6.000000000000000000e+00 1.219336152076721191e+00
7.000000000000000000e+00 1.211887836456298828e+00
8.000000000000000000e+00 1.204643845558166504e+00
9.000000000000000000e+00 1.197530388832092285e+00
1.000000000000000000e+01 1.196466326713562012e+00
1.100000000000000000e+01 1.183688402175903320e+00
1.200000000000000000e+01 1.179974794387817383e+00
1.300000000000000000e+01 1.179653167724609375e+00
1.400000000000000000e+01 1.178673386573791504e+00
1.500000000000000000e+01 1.177258253097534180e+00
1.700000000000000000e+01 1.176115274429321289e+00
1.800000000000000000e+01 1.173014521598815918e+00
1.900000000000000000e+01 1.172803521156311035e+00
2.000000000000000000e+01 1.170685768127441406e+00
2.100000000000000000e+01 1.170069336891174316e+00
2.200000000000000000e+01 1.168535828590393066e+00
2.300000000000000000e+01 1.166937947273254395e+00
2.400000000000000000e+01 1.163340687751770020e+00
2.900000000000000000e+01 1.161937832832336426e+00
3.100000000000000000e+01 1.159276723861694336e+00
3.200000000000000000e+01 1.157650709152221680e+00
3.300000000000000000e+01 1.157508373260498047e+00
3.600000000000000000e+01 1.155683040618896484e+00
3.800000000000000000e+01 1.155426979064941406e+00
3.900000000000000000e+01 1.154441595077514648e+00
4.000000000000000000e+01 1.153906226158142090e+00
4.100000000000000000e+01 1.151697874069213867e+00
4.500000000000000000e+01 1.151245474815368652e+00
4.800000000000000000e+01 1.149071335792541504e+00
5.300000000000000000e+01 1.148267149925231934e+00
5.400000000000000000e+01 1.147513031959533691e+00
5.700000000000000000e+01 1.147001147270202637e+00
6.000000000000000000e+01 1.145864725112915039e+00
6.400000000000000000e+01 1.145633816719055176e+00
6.600000000000000000e+01 1.144105553627014160e+00
6.700000000000000000e+01 1.143272638320922852e+00
7.000000000000000000e+01 1.142374873161315918e+00
7.100000000000000000e+01 1.140143871307373047e+00
7.400000000000000000e+01 1.140016078948974609e+00
7.700000000000000000e+01 1.139800429344177246e+00
7.900000000000000000e+01 1.138127565383911133e+00
8.100000000000000000e+01 1.137103199958801270e+00
8.600000000000000000e+01 1.134667277336120605e+00
9.000000000000000000e+01 1.134227395057678223e+00
9.400000000000000000e+01 1.133409738540649414e+00
9.500000000000000000e+01 1.132159829139709473e+00
9.700000000000000000e+01 1.130744934082031250e+00
1.020000000000000000e+02 1.130633115768432617e+00
1.030000000000000000e+02 1.130395770072937012e+00
1.050000000000000000e+02 1.130259871482849121e+00
1.060000000000000000e+02 1.129796624183654785e+00
1.070000000000000000e+02 1.129422783851623535e+00
1.080000000000000000e+02 1.129291653633117676e+00
1.100000000000000000e+02 1.129224658012390137e+00
1.110000000000000000e+02 1.128378510475158691e+00
1.120000000000000000e+02 1.127860784530639648e+00
1.130000000000000000e+02 1.127834081649780273e+00
1.170000000000000000e+02 1.127600550651550293e+00
1.190000000000000000e+02 1.127595186233520508e+00
